              precision    recall  f1-score   support

           0      0.815     0.872     0.843        86
           1      1.000     0.111     0.200        45
           2      0.917     0.974     0.944       227
           3      0.850     0.956     0.900       113
           4      0.771     0.931     0.844        29

    accuracy                          0.872       500
   macro avg      0.871     0.769     0.746       500
weighted avg      0.883     0.872     0.844       500
              precision    recall  f1-score   support

           0      0.846     0.733     0.786        15
           1      0.714     0.294     0.417        17
           2      0.960     0.991     0.975       318
           3      0.944     0.975     0.959       120
           4      0.964     0.900     0.931        30

    accuracy                          0.950       500
   macro avg      0.886     0.779     0.814       500
weighted avg      0.945     0.950     0.944       500
              precision    recall  f1-score   support

           0      0.812     0.867     0.839        15
           1      0.938     0.500     0.652        30
           2      0.957     1.000     0.978       311
           3      0.981     0.972     0.976       106
           4      0.921     0.921     0.921        38

    accuracy                          0.954       500
   macro avg      0.922     0.852     0.873       500
weighted avg      0.954     0.954     0.950       500
              precision    recall  f1-score   support

           0      0.727     1.000     0.842        24
           1      0.944     0.425     0.586        40
           2      0.963     1.000     0.981       338
           3      0.941     0.901     0.921        71
           4      0.833     0.926     0.877        27

    accuracy                          0.936       500
   macro avg      0.882     0.850     0.842       500
weighted avg      0.940     0.936     0.929       500
              precision    recall  f1-score   support

           0      0.558     0.960     0.706        25
           1      1.000     0.175     0.298        40
           2      0.967     0.988     0.977       322
           3      0.886     0.933     0.909        75
           4      0.857     0.947     0.900        38

    accuracy                          0.910       500
   macro avg      0.854     0.801     0.758       500
weighted avg      0.928     0.910     0.893       500
