              precision    recall  f1-score   support

           0      0.664     0.767     0.711      9988
           1      0.750     0.324     0.452      9989
           2      0.588     0.938     0.723      9946
           3      0.791     0.755     0.772      9982
           4      0.805     0.697     0.747      9995

    accuracy                          0.696     49900
   macro avg      0.719     0.696     0.681     49900
weighted avg      0.720     0.696     0.681     49900
              precision    recall  f1-score   support

           0      0.654     0.698     0.675      9985
           1      0.755     0.313     0.443      9986
           2      0.589     0.929     0.721      9872
           3      0.778     0.739     0.758      9966
           4      0.705     0.704     0.704      9991

    accuracy                          0.676     49800
   macro avg      0.696     0.676     0.660     49800
weighted avg      0.696     0.676     0.660     49800
              precision    recall  f1-score   support

           0      0.642     0.655     0.649      9983
           1      0.750     0.307     0.436      9980
           2      0.594     0.916     0.721      9807
           3      0.760     0.721     0.740      9943
           4      0.637     0.693     0.664      9987

    accuracy                          0.658     49700
   macro avg      0.677     0.658     0.642     49700
weighted avg      0.677     0.658     0.641     49700
              precision    recall  f1-score   support

           0      0.647     0.662     0.655      9983
           1      0.749     0.306     0.435      9974
           2      0.583     0.922     0.715      9738
           3      0.764     0.718     0.740      9922
           4      0.652     0.691     0.671      9983

    accuracy                          0.659     49600
   macro avg      0.679     0.660     0.643     49600
weighted avg      0.679     0.659     0.643     49600
              precision    recall  f1-score   support

           0      0.643     0.648     0.646      9982
           1      0.733     0.304     0.429      9970
           2      0.582     0.917     0.712      9668
           3      0.758     0.710     0.733      9904
           4      0.631     0.684     0.656      9976

    accuracy                          0.651     49500
   macro avg      0.670     0.652     0.635     49500
weighted avg      0.670     0.651     0.635     49500
