              precision    recall  f1-score   support

           0      0.651     0.788     0.713     10000
           1      0.695     0.355     0.470     10000
           2      0.666     0.873     0.755     10000
           3      0.772     0.780     0.776     10000
           4      0.762     0.729     0.745     10000

    accuracy                          0.705     50000
   macro avg      0.709     0.705     0.692     50000
weighted avg      0.709     0.705     0.692     50000
              precision    recall  f1-score   support

           0      0.664     0.766     0.711     10000
           1      0.750     0.323     0.452     10000
           2      0.589     0.939     0.724     10000
           3      0.791     0.755     0.773     10000
           4      0.805     0.697     0.747     10000

    accuracy                          0.696     50000
   macro avg      0.720     0.696     0.681     50000
weighted avg      0.720     0.696     0.681     50000
              precision    recall  f1-score   support

           0      0.654     0.698     0.675     10000
           1      0.755     0.313     0.443     10000
           2      0.592     0.930     0.724     10000
           3      0.779     0.740     0.759     10000
           4      0.705     0.704     0.704     10000

    accuracy                          0.677     50000
   macro avg      0.697     0.677     0.661     50000
weighted avg      0.697     0.677     0.661     50000
              precision    recall  f1-score   support

           0      0.642     0.655     0.649     10000
           1      0.750     0.307     0.436     10000
           2      0.599     0.917     0.725     10000
           3      0.761     0.723     0.741     10000
           4      0.637     0.693     0.664     10000

    accuracy                          0.659     50000
   macro avg      0.678     0.659     0.643     50000
weighted avg      0.678     0.659     0.643     50000
              precision    recall  f1-score   support

           0      0.647     0.663     0.655     10000
           1      0.748     0.306     0.435     10000
           2      0.590     0.924     0.720     10000
           3      0.765     0.720     0.742     10000
           4      0.653     0.691     0.671     10000

    accuracy                          0.661     50000
   macro avg      0.681     0.661     0.645     50000
weighted avg      0.681     0.661     0.645     50000
              precision    recall  f1-score   support

           0      0.643     0.649     0.646     10000
           1      0.734     0.304     0.430     10000
           2      0.591     0.919     0.719     10000
           3      0.760     0.712     0.735     10000
           4      0.632     0.684     0.657     10000

    accuracy                          0.654     50000
   macro avg      0.672     0.654     0.637     50000
weighted avg      0.672     0.654     0.637     50000
